,Year,District Code,District Name,Neighborhood Code,Neighborhood Name,Total Boys Birth,Total Girls Birth,Total Births,Birth Rate,Population,RFD BCN Index = 100,Total Inmigration,None Spanish Inmigrants,Spanish Inmigrants,Total Unemployment,Registered unemployed,Unemployment demand
0,2017,1,Ciutat Vella,1,el Raval,283,219,502,10.544446311544279,47986,71.2,5400,4291.0,1109.0,49606,40816.0,8790.0
1,2017,1,Ciutat Vella,2,el Barri Gòtic,56,53,109,6.786203461586353,16240,106.1,2687,2205.0,482.0,13526,10522.0,3004.0
2,2017,1,Ciutat Vella,3,la Barceloneta,51,50,101,6.735129367831422,15101,79.6,1759,1345.0,414.0,15966,12085.0,3881.0
3,2017,1,Ciutat Vella,4,"Sant Pere, Santa Caterina i la Ribera",90,90,180,7.92218652348048,22923,99.4,2765,2228.0,537.0,22002,16696.0,5306.0
4,2017,2,Eixample,5,el Fort Pienc,117,114,231,7.215142428785607,32048,106.5,2237,1574.0,663.0,19885,15374.0,4511.0
5,2017,2,Eixample,6,la Sagrada Família,207,183,390,7.567085120006209,51651,101.8,3591,2410.0,1181.0,32465,25043.0,7422.0
6,2017,2,Eixample,7,la Dreta de l'Eixample,185,159,344,7.808953055479887,44246,175.9,3200,2137.0,1063.0,20638,16268.0,4370.0
7,2017,2,Eixample,8,l'Antiga Esquerra de l'Eixample,176,164,340,8.04086652161574,42512,137.2,3467,2290.0,1177.0,22710,17924.0,4786.0
8,2017,2,Eixample,9,la Nova Esquerra de l'Eixample,218,242,460,7.906497078033689,58315,110.2,4062,2469.0,1593.0,35304,26860.0,8444.0
9,2017,2,Eixample,10,Sant Antoni,172,130,302,7.875863867518581,38412,104.2,2490,1607.0,883.0,25305,19466.0,5839.0
10,2017,3,Sants-Montjuïc,11,el Poble Sec,156,174,330,8.203241523317093,40358,82.2,3087,2261.0,826.0,34720,27689.0,7031.0
11,2017,3,Sants-Montjuïc,12,la Marina del Prat Vermell,4,8,12,10.443864229765014,1151,40.0,32,9.0,23.0,1670,1377.0,293.0
12,2017,3,Sants-Montjuïc,13,la Marina de Port,119,117,236,7.716453047345016,30622,69.3,1499,925.0,574.0,25874,21061.0,4813.0
13,2017,3,Sants-Montjuïc,14,la Font de la Guatlla,42,30,72,6.9224113066051345,10422,82.9,646,382.0,264.0,8743,6982.0,1761.0
14,2017,3,Sants-Montjuïc,15,Hostafrancs,78,64,142,8.928571428571429,15949,99.0,1159,749.0,410.0,11312,8678.0,2634.0
15,2017,3,Sants-Montjuïc,16,la Bordeta,81,75,156,8.418780356179168,18561,79.0,945,511.0,434.0,13279,10187.0,3092.0
16,2017,3,Sants-Montjuïc,17,Sants - Badal,108,96,204,8.504606661941885,24047,81.0,1476,871.0,605.0,14260,10827.0,3433.0
17,2017,3,Sants-Montjuïc,18,Sants,155,180,335,8.145500522770929,41244,99.0,2839,1756.0,1083.0,27193,20759.0,6434.0
18,2017,4,Les Corts,19,les Corts,199,175,374,8.128844356538938,46104,120.0,2276,1249.0,1027.0,27912,21246.0,6666.0
19,2017,4,Les Corts,20,la Maternitat i Sant Ramon,101,105,206,8.60197093703023,23980,114.2,1335,705.0,630.0,14094,10703.0,3391.0
20,2017,4,Les Corts,21,Pedralbes,32,32,64,5.299768135144087,12117,248.8,764,466.0,298.0,3261,2580.0,681.0
21,2017,5,Sarrià-Sant Gervasi,22,"Vallvidrera, el Tibidabo i les Planes",17,20,37,7.922912205567453,4689,144.1,187,96.0,91.0,1378,1075.0,303.0
22,2017,5,Sarrià-Sant Gervasi,23,Sarrià,122,110,232,9.268136784915308,25106,193.6,1208,667.0,541.0,7096,5585.0,1511.0
23,2017,5,Sarrià-Sant Gervasi,24,les Tres Torres,74,61,135,8.099838003239936,16660,215.8,702,339.0,363.0,5344,4172.0,1172.0
24,2017,5,Sarrià-Sant Gervasi,25,Sant Gervasi - la Bonanova,104,95,199,7.720959106075891,25909,184.6,1181,594.0,587.0,8753,7041.0,1712.0
25,2017,5,Sarrià-Sant Gervasi,26,Sant Gervasi - Galvany,206,199,405,8.496622330382243,47753,192.1,2434,1288.0,1146.0,16219,12947.0,3272.0
26,2017,5,Sarrià-Sant Gervasi,27,el Putxet i el Farró,127,138,265,8.992195453003053,29617,144.6,1515,818.0,697.0,14920,11705.0,3215.0
27,2017,6,Gràcia,28,Vallcarca i els Penitents,66,66,132,8.376166000380735,15615,112.5,772,425.0,347.0,9693,7524.0,2169.0
28,2017,6,Gràcia,29,el Coll,26,25,51,6.8807339449541285,7428,87.0,372,201.0,171.0,4068,3145.0,923.0
29,2017,6,Gràcia,30,la Salut,62,42,104,7.88775123246113,13207,109.9,732,449.0,283.0,8208,6319.0,1889.0
30,2017,6,Gràcia,31,la Vila de Gràcia,241,236,477,9.415340886660614,50885,104.4,3587,2172.0,1415.0,31988,25089.0,6899.0
31,2017,6,Gràcia,32,el Camp d'en Grassot i Gràcia Nova,149,144,293,8.535057822832007,34431,105.7,1791,1063.0,728.0,20806,16050.0,4756.0
32,2017,7,Horta-Guinardó,33,el Baix Guinardó,97,93,190,7.401059520099719,25734,92.0,1285,759.0,526.0,16160,12451.0,3709.0
33,2017,7,Horta-Guinardó,34,Can Baró,41,38,79,8.783633533466755,9020,83.3,473,245.0,228.0,5876,4520.0,1356.0
34,2017,7,Horta-Guinardó,35,el Guinardó,148,170,318,8.720212795129843,36538,79.1,1837,1055.0,782.0,25256,19996.0,5260.0
35,2017,7,Horta-Guinardó,36,la Font d'en Fargues,26,33,59,6.287967600980497,9390,92.5,283,126.0,157.0,7632,6127.0,1505.0
36,2017,7,Horta-Guinardó,37,el Carmel,123,136,259,8.208931571107097,31583,54.2,1414,890.0,524.0,26021,20870.0,5151.0
37,2017,7,Horta-Guinardó,38,la Teixonera,48,41,89,7.65986745847319,11634,73.7,512,309.0,203.0,7890,6302.0,1588.0
38,2017,7,Horta-Guinardó,39,Sant Genís dels Agudells,28,27,55,8.024511234315728,6971,84.1,386,234.0,152.0,4767,3801.0,966.0
39,2017,7,Horta-Guinardó,40,Montbau,26,17,43,8.428067424539396,5171,79.8,256,138.0,118.0,3451,2752.0,699.0
40,2017,7,Horta-Guinardó,41,la Vall d'Hebron,12,20,32,5.532503457814661,5792,95.8,187,101.0,86.0,3671,2928.0,743.0
41,2017,7,Horta-Guinardó,42,la Clota,8,5,13,21.311475409836063,611,93.5,39,23.0,16.0,254,203.0,51.0
42,2017,7,Horta-Guinardó,43,Horta,99,91,190,7.112109301890324,26743,79.8,1127,664.0,463.0,21637,17403.0,4234.0
43,2017,8,Nou Barris,44,Vilapicina i la Torre Llobeta,92,108,200,7.815247547966082,25618,63.8,1056,625.0,431.0,20117,16134.0,3983.0
44,2017,8,Nou Barris,45,Porta,104,117,221,8.84,25046,64.4,1398,897.0,501.0,19684,15757.0,3927.0
45,2017,8,Nou Barris,46,el Turó de la Peira,82,92,174,11.249757548328699,15506,51.9,878,564.0,314.0,12469,10037.0,2432.0
46,2017,8,Nou Barris,47,Can Peguera,5,8,13,5.7243505063848525,2233,51.5,57,24.0,33.0,1745,1408.0,337.0
47,2017,8,Nou Barris,48,la Guineueta,47,40,87,5.712034666141422,15247,53.8,493,228.0,265.0,14311,11581.0,2730.0
48,2017,8,Nou Barris,49,Canyelles,35,14,49,7.147024504084015,6863,52.2,140,40.0,100.0,6980,5648.0,1332.0
49,2017,8,Nou Barris,50,les Roquetes,88,83,171,10.968569595894804,15648,49.7,920,633.0,287.0,15135,12249.0,2886.0
50,2017,8,Nou Barris,51,Verdun,50,48,98,7.933295555735449,12368,51.3,666,459.0,207.0,11605,9391.0,2214.0
51,2017,8,Nou Barris,52,la Prosperitat,127,124,251,9.511538898783584,26398,56.0,1206,765.0,441.0,22152,17733.0,4419.0
52,2017,8,Nou Barris,53,la Trinitat Nova,38,28,66,9.089657072028647,7271,48.2,458,320.0,138.0,9514,7908.0,1606.0
53,2017,8,Nou Barris,54,Torre Baró,20,8,28,9.803921568627452,2859,46.5,95,59.0,36.0,2616,2180.0,436.0
54,2017,8,Nou Barris,55,Ciutat Meridiana,49,53,102,9.862695803519628,10369,38.6,838,614.0,224.0,13648,11375.0,2273.0
55,2017,8,Nou Barris,56,Vallbona,5,11,16,11.661807580174926,1379,40.9,69,33.0,36.0,1582,1320.0,262.0
56,2017,9,Sant Andreu,57,la Trinitat Vella,65,55,120,12.020434739056396,10006,47.1,675,501.0,174.0,12645,10538.0,2107.0
57,2017,9,Sant Andreu,58,Baró de Viver,11,13,24,9.452540370224497,2539,68.9,92,44.0,48.0,1887,1486.0,401.0
58,2017,9,Sant Andreu,59,el Bon Pastor,66,60,126,10.031847133757962,12582,65.1,658,418.0,240.0,10712,8434.0,2278.0
59,2017,9,Sant Andreu,60,Sant Andreu,227,232,459,8.026861130056135,57223,77.7,1965,923.0,1042.0,43324,34114.0,9210.0
60,2017,9,Sant Andreu,61,la Sagrera,132,100,232,7.976894512446707,29031,77.1,1354,779.0,575.0,20303,15817.0,4486.0
61,2017,9,Sant Andreu,62,el Congrés i els Indians,61,61,122,8.64267497874752,14141,75.1,603,360.0,243.0,9883,7699.0,2184.0
62,2017,9,Sant Andreu,63,Navas,98,83,181,8.179312214740838,22171,81.6,988,597.0,391.0,15208,11864.0,3344.0
63,2017,10,Sant Martí,64,el Camp de l'Arpa del Clot,148,159,307,8.04338713058059,38371,81.7,2201,1343.0,858.0,29109,23000.0,6109.0
64,2017,10,Sant Martí,65,el Clot,125,82,207,7.655608565405526,27089,83.6,1302,792.0,510.0,19745,15646.0,4099.0
65,2017,10,Sant Martí,66,el Parc i la Llacuna del Poblenou,79,74,153,10.109686797938416,15204,100.4,959,657.0,302.0,9538,7552.0,1986.0
66,2017,10,Sant Martí,67,la Vila Olímpica del Poblenou,34,29,63,6.725739297533895,9404,164.2,410,232.0,178.0,6349,4933.0,1416.0
67,2017,10,Sant Martí,68,el Poblenou,160,157,317,9.366781904677481,33931,99.9,1765,1099.0,666.0,21836,17007.0,4829.0
68,2017,10,Sant Martí,69,Diagonal Mar i el Front Marítim del Poblenou,103,58,161,11.813045711350796,13710,150.1,780,523.0,257.0,9991,8020.0,1971.0
69,2017,10,Sant Martí,70,el Besòs i el Maresme,119,99,218,9.474553435612153,22893,60.4,2016,1478.0,538.0,22873,18387.0,4486.0
70,2017,10,Sant Martí,71,Provençals del Poblenou,106,80,186,9.078928100746815,20649,102.3,974,533.0,441.0,15556,12402.0,3154.0
71,2017,10,Sant Martí,72,Sant Martí de Provençals,100,98,198,7.572860093322115,26187,67.4,1073,611.0,462.0,21819,17368.0,4451.0
72,2017,10,Sant Martí,73,la Verneda i la Pau,122,107,229,7.981597016486005,28725,57.0,1240,726.0,514.0,24715,19672.0,5043.0
